[   0,
        1,    1,    1,    1,    1,    1,    1,    1,    2,    3,
        1,    1,    4,    1,    1,    1,    1,    1,    1,    1,
        1,    1,    1,    1,    1,    1,    1,    1,    1,    1,
        1,    5,    6,    7,    1,    1,    1,    1,    8,    9,
       10,   11,   12,   13,   14,    1,   15,   16,   16,   16,
       16,   16,   16,   16,   16,   16,   16,   17,   18,   19,
       20,   21,    1,    1,   22,   22,   22,   22,   22,   22,
       22,   22,   22,   22,   22,   22,   22,   22,   22,   22,
       22,   22,   22,   22,   22,   22,   22,   22,   22,   22,
       23,   24,   25,    1,   22,    1,   26,   27,   28,   29,

       30,   31,   32,   33,   34,   22,   35,   36,   22,   37,
       38,   39,   22,   40,   41,   42,   43,   22,   44,   22,
       22,   22,   45,    1,   46,    1,    1,    1,    1,    1,
        1,    1,    1,    1,    1,    1,    1,    1,    1,    1,
        1,    1,    1,    1,    1,    1,    1,    1,    1,    1,
        1,    1,    1,    1,    1,    1,    1,    1,    1,    1,
        1,    1,    1,    1,    1,    1,    1,    1,    1,    1,
        1,    1,    1,    1,    1,    1,    1,    1,    1,    1,
        1,    1,    1,    1,    1,    1,    1,    1,    1,    1,
        1,    1,    1,    1,    1,    1,    1,    1,    1,    1,

        1,    1,    1,    1,    1,    1,    1,    1,    1,    1,
        1,    1,    1,    1,    1,    1,    1,    1,    1,    1,
        1,    1,    1,    1,    1,    1,    1,    1,    1,    1,
        1,    1,    1,    1,    1,    1,    1,    1,    1,    1,
        1,    1,    1,    1,    1,    1,    1,    1,    1,    1,
        1,    1,    1,    1,    1
    ]